898.889389	-368.217332	0.0
898.567513	-368.599947	0.0
898.245636	-368.982562	0.0
897.923760	-369.365176	0.0
897.601883	-369.747791	0.0
897.280006	-370.130406	0.0
896.958130	-370.513020	0.0
896.636253	-370.895635	0.0
896.314376	-371.278249	0.0
895.992499	-371.660863	0.0
895.670622	-372.043478	0.0
895.348745	-372.426092	0.0
895.026868	-372.808707	0.0
894.704992	-373.191321	0.0
894.383115	-373.573936	0.0
894.061238	-373.956550	0.0
893.739361	-374.339165	0.0
893.417484	-374.721779	0.0
893.095607	-375.104394	0.0
892.773731	-375.487008	0.0
892.451854	-375.869623	0.0
892.129977	-376.252237	0.0
891.808100	-376.634852	0.0
891.486223	-377.017466	0.0
891.164346	-377.400080	0.0
890.842469	-377.782695	0.0
890.520592	-378.165309	0.0
890.198715	-378.547924	0.0
889.876839	-378.930538	0.0
889.554962	-379.313152	0.0
889.233085	-379.695767	0.0
888.911208	-380.078381	0.0
888.589331	-380.460996	0.0
888.267454	-380.843610	0.0
887.945577	-381.226224	0.0
887.623700	-381.608839	0.0
887.301823	-381.991453	0.0
886.979946	-382.374068	0.0
886.658069	-382.756682	0.0
886.336192	-383.139296	0.0
886.014315	-383.521911	0.0
885.692438	-383.904525	0.0
885.370562	-384.287139	0.0
885.048685	-384.669754	0.0
884.726808	-385.052368	0.0
884.404931	-385.434983	0.0
884.083054	-385.817597	0.0
883.761178	-386.200212	0.0
883.439301	-386.582826	0.0
883.117424	-386.965441	0.0
882.794539	-387.347204	0.0
882.471653	-387.728967	0.0
882.148768	-388.110731	0.0
881.825715	-388.492352	0.0
881.502662	-388.873973	0.0
881.179609	-389.255594	0.0
880.856645	-389.637292	0.0
880.533681	-390.018991	0.0
880.210717	-390.400689	0.0
879.887769	-390.782399	0.0
879.564820	-391.164110	0.0
879.241871	-391.545821	0.0
878.918925	-391.927534	0.0
878.595979	-392.309248	0.0
878.273033	-392.690961	0.0
877.950087	-393.072674	0.0
877.627141	-393.454388	0.0
877.304196	-393.836102	0.0
876.981250	-394.217815	0.0
876.658304	-394.599528	0.0
876.335358	-394.981242	0.0
876.012412	-395.362955	0.0
875.689466	-395.744668	0.0
875.366520	-396.126381	0.0
875.043574	-396.508095	0.0
874.720628	-396.889808	0.0
874.397683	-397.271522	0.0
874.074737	-397.653236	0.0
873.751791	-398.034949	0.0
873.428846	-398.416663	0.0
873.105900	-398.798376	0.0
872.782954	-399.180090	0.0
872.460009	-399.561804	0.0
872.137063	-399.943517	0.0
871.814117	-400.325231	0.0
871.491172	-400.706944	0.0
871.168226	-401.088658	0.0
870.845281	-401.470372	0.0
870.522335	-401.852085	0.0
870.199390	-402.233799	0.0
869.876444	-402.615513	0.0
869.553499	-402.997226	0.0
869.230553	-403.378940	0.0
868.907607	-403.760654	0.0
868.584662	-404.142367	0.0
868.261716	-404.524081	0.0
867.938770	-404.905794	0.0
867.615825	-405.287508	0.0
867.292891	-405.669232	0.0
866.969957	-406.050955	0.0
866.647023	-406.432679	0.0
866.324091	-406.814404	0.0
866.001159	-407.196129	0.0
865.678228	-407.577855	0.0
865.355498	-407.959751	0.0
865.032768	-408.341648	0.0
864.710038	-408.723544	0.0
864.387342	-409.105470	0.0
864.064646	-409.487395	0.0
863.741950	-409.869321	0.0
863.419260	-410.251252	0.0
863.096571	-410.633183	0.0
862.773881	-411.015113	0.0
862.451193	-411.397045	0.0
862.128504	-411.778977	0.0
861.805816	-412.160908	0.0
861.483126	-412.542840	0.0
861.160437	-412.924771	0.0
860.837748	-413.306702	0.0
860.515059	-413.688633	0.0
860.192370	-414.070564	0.0
859.869681	-414.452495	0.0
859.546992	-414.834427	0.0
859.224303	-415.216358	0.0
858.901614	-415.598290	0.0
858.578925	-415.980221	0.0
858.256236	-416.362152	0.0
857.933547	-416.744084	0.0
857.610859	-417.126015	0.0
857.288170	-417.507947	0.0
856.965481	-417.889878	0.0
856.642792	-418.271810	0.0
856.320104	-418.653741	0.0
855.997415	-419.035673	0.0
855.674726	-419.417605	0.0
855.352038	-419.799536	0.0
855.029349	-420.181468	0.0
854.706660	-420.563400	0.0
854.383972	-420.945331	0.0
854.061283	-421.327263	0.0
853.738595	-421.709194	0.0
853.415906	-422.091126	0.0
853.093217	-422.473058	0.0
852.770529	-422.854989	0.0
852.447840	-423.236921	0.0
852.125151	-423.618853	0.0
851.802462	-424.000784	0.0
851.479773	-424.382715	0.0
851.157083	-424.764646	0.0
850.834394	-425.146577	0.0
850.511704	-425.528508	0.0
850.189015	-425.910438	0.0
849.866326	-426.292370	0.0
849.543638	-426.674302	0.0
849.220949	-427.056233	0.0
848.898261	-427.438165	0.0
848.575572	-427.820097	0.0
848.252884	-428.202029	0.0
847.930195	-428.583960	0.0
847.607507	-428.965892	0.0
847.284818	-429.347824	0.0
846.962129	-429.729755	0.0
846.639441	-430.111687	0.0
846.316752	-430.493618	0.0
845.994063	-430.875550	0.0
845.671374	-431.257481	0.0
845.348685	-431.639413	0.0
845.025996	-432.021344	0.0
844.703308	-432.403275	0.0
844.380619	-432.785207	0.0
844.057930	-433.167138	0.0
843.735241	-433.549070	0.0
843.412553	-433.931002	0.0
843.089864	-434.312933	0.0
842.767176	-434.694865	0.0
842.444487	-435.076797	0.0
842.121798	-435.458728	0.0
841.799110	-435.840660	0.0
841.476421	-436.222591	0.0
841.153732	-436.604523	0.0
840.831043	-436.986454	0.0
840.508354	-437.368386	0.0
840.185666	-437.750317	0.0
839.862977	-438.132249	0.0
839.540289	-438.514181	0.0
839.217600	-438.896112	0.0
838.894912	-439.278044	0.0
838.572223	-439.659976	0.0
838.249534	-440.041907	0.0
837.926845	-440.423839	0.0
837.604157	-440.805770	0.0
837.281468	-441.187701	0.0
836.958778	-441.569633	0.0
836.636089	-441.951564	0.0
836.313400	-442.333495	0.0
835.990711	-442.715426	0.0
835.668022	-443.097357	0.0
835.345333	-443.479289	0.0
835.022644	-443.861220	0.0
834.699954	-444.243151	0.0
834.377266	-444.625083	0.0
834.054577	-445.007014	0.0
833.731889	-445.388946	0.0
833.409200	-445.770878	0.0
833.086512	-446.152810	0.0
832.763823	-446.534741	0.0
832.441135	-446.916673	0.0
832.118446	-447.298604	0.0
831.795757	-447.680535	0.0
831.473068	-448.062467	0.0
831.150379	-448.444398	0.0
830.827690	-448.826329	0.0
830.505001	-449.208261	0.0
830.182312	-449.590192	0.0
829.859623	-449.972124	0.0
829.536935	-450.354055	0.0
829.214246	-450.735987	0.0
828.891557	-451.117919	0.0
828.568868	-451.499850	0.0
828.246179	-451.881781	0.0
827.923490	-452.263712	0.0
827.600801	-452.645644	0.0
827.278112	-453.027575	0.0
826.955423	-453.409506	0.0
826.632734	-453.791438	0.0
826.310046	-454.173370	0.0
825.987358	-454.555301	0.0
825.664669	-454.937233	0.0
825.341981	-455.319165	0.0
825.318887	-455.346498	0.0
825.318887	-455.346498	0.0
824.996204	-455.728434	0.0
824.673520	-456.110371	0.0
824.350836	-456.492307	0.0
824.028152	-456.874243	0.0
823.705469	-457.256179	0.0
823.382785	-457.638115	0.0
823.060101	-458.020051	0.0
822.737417	-458.401987	0.0
822.414734	-458.783923	0.0
822.092050	-459.165859	0.0
821.769366	-459.547796	0.0
821.446682	-459.929732	0.0
821.123999	-460.311668	0.0
820.801315	-460.693604	0.0
820.478631	-461.075540	0.0
820.155947	-461.457476	0.0
819.833264	-461.839412	0.0
819.510580	-462.221348	0.0
819.187896	-462.603284	0.0
818.865212	-462.985221	0.0
818.542529	-463.367157	0.0
818.219845	-463.749093	0.0
817.897161	-464.131029	0.0
817.574477	-464.512965	0.0
817.251794	-464.894901	0.0
816.929110	-465.276837	0.0
816.606426	-465.658773	0.0
816.283742	-466.040709	0.0
815.961059	-466.422645	0.0
815.638375	-466.804582	0.0
815.315691	-467.186518	0.0
815.111362	-467.428366	0.0
815.111362	-467.428366	0.0
814.788678	-467.810302	0.0
814.465995	-468.192239	0.0
814.143311	-468.574175	0.0
813.820627	-468.956111	0.0
813.497943	-469.338047	0.0
813.175260	-469.719983	0.0
812.852576	-470.101919	0.0
812.529893	-470.483856	0.0
812.207209	-470.865792	0.0
811.884526	-471.247728	0.0
811.561842	-471.629664	0.0
811.239158	-472.011601	0.0
810.916475	-472.393537	0.0
810.593791	-472.775473	0.0
810.271107	-473.157409	0.0
809.948424	-473.539345	0.0
809.625740	-473.921281	0.0
809.303056	-474.303217	0.0
808.980372	-474.685153	0.0
808.657688	-475.067090	0.0
808.338500	-475.451952	0.0
808.019312	-475.836814	0.0
807.700124	-476.221676	0.0
807.380936	-476.606538	0.0
807.061748	-476.991400	0.0
806.742560	-477.376262	0.0
806.423511	-477.761240	0.0
806.104463	-478.146218	0.0
805.785414	-478.531196	0.0
805.466366	-478.916174	0.0
805.147317	-479.301152	0.0
804.828269	-479.686130	0.0
804.509226	-480.071112	0.0
804.190183	-480.456095	0.0
803.871140	-480.841077	0.0
803.552097	-481.226059	0.0
803.233054	-481.611042	0.0
802.914011	-481.996024	0.0
802.594968	-482.381007	0.0
802.275925	-482.765989	0.0
801.956882	-483.150972	0.0
801.637839	-483.535955	0.0
801.318796	-483.920937	0.0
800.999753	-484.305920	0.0
800.680711	-484.690902	0.0
800.361668	-485.075885	0.0
800.042625	-485.460868	0.0
799.723583	-485.845850	0.0
799.404540	-486.230833	0.0
799.085497	-486.615816	0.0
798.764512	-486.999180	0.0
798.443527	-487.382545	0.0
798.122541	-487.765910	0.0
797.801556	-488.149274	0.0
797.480571	-488.532639	0.0
797.159586	-488.916004	0.0
796.836221	-489.297364	0.0
796.512857	-489.678724	0.0
796.189493	-490.060084	0.0
795.866129	-490.441445	0.0
795.542765	-490.822805	0.0
795.219401	-491.204165	0.0
794.895994	-491.585489	0.0
794.572587	-491.966813	0.0
794.249180	-492.348137	0.0
793.925773	-492.729461	0.0
793.602366	-493.110785	0.0
793.278959	-493.492109	0.0
792.955552	-493.873432	0.0
792.632144	-494.254756	0.0
792.308737	-494.636079	0.0
791.985329	-495.017402	0.0
791.661922	-495.398726	0.0
791.338514	-495.780049	0.0
791.015107	-496.161373	0.0
790.691699	-496.542696	0.0
790.368292	-496.924020	0.0
790.044884	-497.305343	0.0
789.721476	-497.686666	0.0
789.398069	-498.067990	0.0
789.074661	-498.449313	0.0
788.751254	-498.830637	0.0
788.427846	-499.211960	0.0
788.104439	-499.593284	0.0
787.781031	-499.974607	0.0
787.457624	-500.355930	0.0
787.134216	-500.737254	0.0
786.810809	-501.118577	0.0
786.487401	-501.499901	0.0
786.163994	-501.881224	0.0
785.840586	-502.262548	0.0
785.517179	-502.643871	0.0
785.193771	-503.025194	0.0
784.870363	-503.406518	0.0
784.546955	-503.787841	0.0
784.223547	-504.169164	0.0
783.900140	-504.550487	0.0
783.576732	-504.931810	0.0
783.253324	-505.313134	0.0
782.929917	-505.694457	0.0
782.606510	-506.075781	0.0
782.283102	-506.457105	0.0
781.959695	-506.838428	0.0
781.636288	-507.219752	0.0
781.312880	-507.601075	0.0
780.989472	-507.982399	0.0
780.666065	-508.363722	0.0
780.342657	-508.745045	0.0
780.019250	-509.126369	0.0
779.695842	-509.507692	0.0
779.372434	-509.889015	0.0
779.049027	-510.270339	0.0
778.725619	-510.651662	0.0
778.402211	-511.032985	0.0
778.078804	-511.414309	0.0
777.755396	-511.795632	0.0
777.431989	-512.176955	0.0
777.108581	-512.558279	0.0
776.785173	-512.939602	0.0
776.461766	-513.320926	0.0
776.138358	-513.702249	0.0
775.814951	-514.083573	0.0
775.491544	-514.464896	0.0
775.168136	-514.846220	0.0
774.844729	-515.227543	0.0
774.521321	-515.608867	0.0
774.197914	-515.990190	0.0
773.874506	-516.371514	0.0
773.551099	-516.752837	0.0
773.227691	-517.134160	0.0
772.904283	-517.515483	0.0
772.580875	-517.896807	0.0
772.257468	-518.278130	0.0
771.934060	-518.659453	0.0
771.610652	-519.040776	0.0
771.287244	-519.422100	0.0
770.963837	-519.803423	0.0
770.640429	-520.184746	0.0
770.317021	-520.566069	0.0
769.993613	-520.947393	0.0
769.670206	-521.328716	0.0
769.346798	-521.710039	0.0
769.023390	-522.091362	0.0
768.699982	-522.472686	0.0
768.376576	-522.854010	0.0
768.053168	-523.235333	0.0
767.729760	-523.616656	0.0
767.406353	-523.997980	0.0
767.082945	-524.379303	0.0
766.759538	-524.760626	0.0
766.436130	-525.141950	0.0
766.112723	-525.523274	0.0
765.789316	-525.904597	0.0
765.465908	-526.285921	0.0
765.142501	-526.667245	0.0
764.819094	-527.048568	0.0
764.495687	-527.429892	0.0
764.172279	-527.811215	0.0
763.848871	-528.192538	0.0
763.525463	-528.573862	0.0
763.202055	-528.955185	0.0
762.878648	-529.336508	0.0
762.555240	-529.717831	0.0
762.231833	-530.099155	0.0
761.908425	-530.480479	0.0
761.585018	-530.861802	0.0
761.261611	-531.243126	0.0
760.938204	-531.624450	0.0
760.614797	-532.005773	0.0
760.291389	-532.387097	0.0
759.967982	-532.768421	0.0
759.644574	-533.149744	0.0
759.321167	-533.531068	0.0
758.997760	-533.912391	0.0
758.819359	-534.122740	0.0
758.819359	-534.122740	0.0
758.493211	-534.501722	0.0
758.167010	-534.880657	0.0
757.840809	-535.259593	0.0
757.514608	-535.638529	0.0
757.188407	-536.017465	0.0
756.862206	-536.396400	0.0
756.536005	-536.775336	0.0
756.209801	-537.154270	0.0
755.883598	-537.533204	0.0
755.557395	-537.912138	0.0
755.231192	-538.291072	0.0
754.904989	-538.670006	0.0
754.578786	-539.048940	0.0
754.252583	-539.427874	0.0
753.926380	-539.806808	0.0
753.600176	-540.185742	0.0
753.273973	-540.564676	0.0
752.947770	-540.943609	0.0
752.621567	-541.322543	0.0
752.295896	-541.701929	0.0
751.970225	-542.081315	0.0
751.644554	-542.460701	0.0
751.318883	-542.840086	0.0
750.993213	-543.219472	0.0
750.667542	-543.598858	0.0
750.341926	-543.978290	0.0
750.016310	-544.357722	0.0
749.690695	-544.737155	0.0
749.365079	-545.116587	0.0
749.039464	-545.496019	0.0
748.713848	-545.875451	0.0
748.388238	-546.254888	0.0
748.062628	-546.634325	0.0
747.737017	-547.013762	0.0
747.411407	-547.393199	0.0
747.085797	-547.772635	0.0
746.760187	-548.152072	0.0
746.434577	-548.531510	0.0
746.108968	-548.910947	0.0
745.783358	-549.290384	0.0
745.457749	-549.669821	0.0
745.132139	-550.049259	0.0
744.806529	-550.428696	0.0
744.478901	-550.806392	0.0
744.151272	-551.184088	0.0
743.823643	-551.561784	0.0
743.496015	-551.939480	0.0
743.421942	-552.024872	0.0
743.421942	-552.024872	0.0
743.098624	-552.406271	0.0
742.775307	-552.787671	0.0
742.451989	-553.169070	0.0
742.128671	-553.550469	0.0
741.805353	-553.931868	0.0
741.482036	-554.313267	0.0
741.158718	-554.694666	0.0
740.835400	-555.076066	0.0
740.512082	-555.457465	0.0
740.188765	-555.838864	0.0
739.865447	-556.220263	0.0
739.542129	-556.601662	0.0
739.218812	-556.983061	0.0
738.895494	-557.364461	0.0
738.572176	-557.745860	0.0
738.248858	-558.127259	0.0
737.925541	-558.508658	0.0
737.602223	-558.890057	0.0
737.278905	-559.271456	0.0
736.955588	-559.652856	0.0
736.632270	-560.034255	0.0
736.308952	-560.415654	0.0
735.985634	-560.797053	0.0
735.662317	-561.178452	0.0
735.338999	-561.559851	0.0
735.015681	-561.941251	0.0
734.692363	-562.322650	0.0
734.369046	-562.704049	0.0
734.045728	-563.085448	0.0
733.722410	-563.466847	0.0
733.399093	-563.848246	0.0
733.075775	-564.229646	0.0
732.752457	-564.611045	0.0
732.429139	-564.992444	0.0
732.105822	-565.373843	0.0
731.782504	-565.755242	0.0
731.459186	-566.136641	0.0
731.135869	-566.518041	0.0
730.812551	-566.899440	0.0
730.489233	-567.280839	0.0
730.165915	-567.662238	0.0
729.842598	-568.043637	0.0
729.519280	-568.425036	0.0
729.195962	-568.806436	0.0
728.872644	-569.187835	0.0
728.549327	-569.569234	0.0
728.226009	-569.950633	0.0
727.902691	-570.332032	0.0
727.579374	-570.713431	0.0
727.256056	-571.094831	0.0
726.932738	-571.476230	0.0
726.609420	-571.857629	0.0
726.286103	-572.239028	0.0
725.962785	-572.620427	0.0
725.639467	-573.001827	0.0
725.316150	-573.383226	0.0
724.992832	-573.764625	0.0
724.669514	-574.146024	0.0
724.346196	-574.527423	0.0
724.022879	-574.908822	0.0
723.699561	-575.290222	0.0
723.376243	-575.671621	0.0
723.052925	-576.053020	0.0
722.729608	-576.434419	0.0
722.406290	-576.815818	0.0
722.082972	-577.197217	0.0
721.759655	-577.578617	0.0
721.436337	-577.960016	0.0
721.113019	-578.341415	0.0
720.789701	-578.722814	0.0
720.466384	-579.104213	0.0
720.143066	-579.485612	0.0
719.819748	-579.867012	0.0
719.496431	-580.248411	0.0
719.173113	-580.629810	0.0
718.849795	-581.011209	0.0
718.526477	-581.392608	0.0
718.203160	-581.774007	0.0
717.879842	-582.155407	0.0
717.556524	-582.536806	0.0
717.233206	-582.918205	0.0
716.909889	-583.299604	0.0
716.586571	-583.681003	0.0
716.263253	-584.062402	0.0
715.939936	-584.443802	0.0
715.616618	-584.825201	0.0
715.293300	-585.206600	0.0
714.969982	-585.587999	0.0
714.646665	-585.969398	0.0
714.323347	-586.350797	0.0
714.000029	-586.732197	0.0
713.676712	-587.113596	0.0
713.353394	-587.494995	0.0
713.030076	-587.876394	0.0
712.706758	-588.257793	0.0
712.383441	-588.639192	0.0
712.060123	-589.020592	0.0
711.736805	-589.401991	0.0
711.413488	-589.783390	0.0
711.090170	-590.164789	0.0
710.766852	-590.546188	0.0
710.443534	-590.927588	0.0
710.120217	-591.308987	0.0
709.796899	-591.690386	0.0
709.473581	-592.071785	0.0
709.150263	-592.453184	0.0
708.826946	-592.834583	0.0
708.503628	-593.215983	0.0
708.180310	-593.597382	0.0
707.856993	-593.978781	0.0
707.533675	-594.360180	0.0
707.210357	-594.741579	0.0
706.887039	-595.122978	0.0
706.563722	-595.504378	0.0
706.240404	-595.885777	0.0
705.917086	-596.267176	0.0
705.593769	-596.648575	0.0
705.270451	-597.029974	0.0
704.947133	-597.411373	0.0
704.623815	-597.792773	0.0
704.300498	-598.174172	0.0
703.977180	-598.555571	0.0
703.653862	-598.936970	0.0
703.330544	-599.318369	0.0
703.007227	-599.699768	0.0
702.683909	-600.081168	0.0
702.360591	-600.462567	0.0
702.037274	-600.843966	0.0
701.713956	-601.225365	0.0
701.390638	-601.606764	0.0
701.067320	-601.988163	0.0
700.744003	-602.369563	0.0
700.420685	-602.750962	0.0
700.097367	-603.132361	0.0
699.774050	-603.513760	0.0
699.450732	-603.895159	0.0
699.127414	-604.276558	0.0
698.804096	-604.657958	0.0
698.480779	-605.039357	0.0
698.157461	-605.420756	0.0
697.834143	-605.802155	0.0
697.510825	-606.183554	0.0
697.187508	-606.564953	0.0
696.864190	-606.946353	0.0
696.540872	-607.327752	0.0
696.217555	-607.709151	0.0
695.894237	-608.090550	0.0
695.570919	-608.471949	0.0
695.247601	-608.853349	0.0
694.924284	-609.234748	0.0
694.600966	-609.616147	0.0
694.277648	-609.997546	0.0
693.954331	-610.378945	0.0
693.631013	-610.760344	0.0
693.307695	-611.141744	0.0
693.076525	-611.414441	0.0
693.076525	-611.414441	0.0
692.754855	-611.797228	0.0
692.433185	-612.180015	0.0
692.111516	-612.562802	0.0
691.789846	-612.945588	0.0
691.468176	-613.328375	0.0
691.147319	-613.711847	0.0
690.830323	-614.098418	0.0
690.513328	-614.484988	0.0
690.196332	-614.871559	0.0
689.879337	-615.258130	0.0
689.562342	-615.644701	0.0
689.245346	-616.031271	0.0
688.926326	-616.416184	0.0
688.607306	-616.801097	0.0
688.288286	-617.186010	0.0
687.969265	-617.570923	0.0
687.647008	-617.953076	0.0
687.324751	-618.335228	0.0
687.002494	-618.717381	0.0
686.680236	-619.099533	0.0
686.357979	-619.481686	0.0
686.035715	-619.863833	0.0
685.713452	-620.245980	0.0
685.391188	-620.628127	0.0
685.068924	-621.010274	0.0
684.746661	-621.392421	0.0
684.424397	-621.774568	0.0
684.102277	-622.156843	0.0
683.780157	-622.539119	0.0
683.458037	-622.921394	0.0
683.135918	-623.303670	0.0
682.813798	-623.685945	0.0
682.491678	-624.068220	0.0
682.169756	-624.450672	0.0
681.847835	-624.833124	0.0
681.525913	-625.215576	0.0
681.203992	-625.598028	0.0
680.882070	-625.980479	0.0
680.560148	-626.362931	0.0
680.238254	-626.745407	0.0
679.916359	-627.127883	0.0
679.594464	-627.510359	0.0
679.272570	-627.892835	0.0
678.950675	-628.275310	0.0
678.628781	-628.657786	0.0
678.305860	-629.039403	0.0
677.982940	-629.421019	0.0
677.660020	-629.802635	0.0
677.337100	-630.184252	0.0
677.014179	-630.565868	0.0
676.691259	-630.947484	0.0
676.367656	-631.328524	0.0
676.044052	-631.709564	0.0
675.720614	-632.090746	0.0
675.397177	-632.471927	0.0
675.073739	-632.853108	0.0
674.750301	-633.234290	0.0
674.426761	-633.615384	0.0
674.103220	-633.996478	0.0
673.779679	-634.377572	0.0
673.456138	-634.758666	0.0
673.132575	-635.139741	0.0
672.809012	-635.520817	0.0
672.485450	-635.901892	0.0
672.160632	-636.281904	0.0
671.835815	-636.661916	0.0
671.675530	-636.849439	0.0
671.675530	-636.849439	0.0
671.351220	-637.229890	0.0
671.026910	-637.610341	0.0
670.702600	-637.990793	0.0
670.378290	-638.371244	0.0
670.054123	-638.751818	0.0
669.729956	-639.132391	0.0
669.405789	-639.512965	0.0
669.081622	-639.893539	0.0
668.757455	-640.274112	0.0
668.433288	-640.654686	0.0
668.113020	-641.038521	0.0
667.792751	-641.422356	0.0
667.472483	-641.806191	0.0
667.152447	-642.190218	0.0
666.832410	-642.574245	0.0
666.512374	-642.958272	0.0
666.206038	-643.353303	0.0
665.899702	-643.748334	0.0
665.593366	-644.143365	0.0
665.287030	-644.538396	0.0
664.980694	-644.933427	0.0
664.674357	-645.328458	0.0
664.369100	-645.724323	0.0
664.063843	-646.120187	0.0
663.758587	-646.516052	0.0
663.453330	-646.911916	0.0
663.148073	-647.307781	0.0
662.842816	-647.703646	0.0
662.537636	-648.099570	0.0
662.232457	-648.495494	0.0
661.927278	-648.891419	0.0
661.622098	-649.287343	0.0
661.316919	-649.683268	0.0
661.011740	-650.079192	0.0
660.706565	-650.475120	0.0
660.401391	-650.871049	0.0
660.096217	-651.266977	0.0
659.791043	-651.662906	0.0
659.485869	-652.058834	0.0
659.180695	-652.454762	0.0
658.875521	-652.850691	0.0
658.570347	-653.246620	0.0
658.265173	-653.642548	0.0
657.959999	-654.038477	0.0
657.654825	-654.434405	0.0
657.349651	-654.830334	0.0
657.044477	-655.226263	0.0
656.739303	-655.622191	0.0
656.434129	-656.018120	0.0
656.128955	-656.414048	0.0
655.823781	-656.809977	0.0
655.518607	-657.205905	0.0
655.213433	-657.601834	0.0
654.908259	-657.997762	0.0
654.603085	-658.393691	0.0
654.297911	-658.789619	0.0
653.992737	-659.185548	0.0
653.687563	-659.581476	0.0
653.464407	-660.028672	0.0
653.241251	-660.475868	0.0
653.018094	-660.923063	0.0
652.794938	-661.370259	0.0
652.571782	-661.817454	0.0
652.351658	-662.266146	0.0
652.131535	-662.714838	0.0
651.911411	-663.163530	0.0
651.691288	-663.612221	0.0
651.471165	-664.060913	0.0
651.251041	-664.509605	0.0
651.031311	-664.958489	0.0
650.811581	-665.407372	0.0
650.591851	-665.856256	0.0
650.372121	-666.305140	0.0
650.152391	-666.754024	0.0
649.970165	-667.126290	0.0
649.970165	-667.126290	0.0
649.647201	-667.507818	0.0
649.324195	-667.889312	0.0
649.001190	-668.270806	0.0
648.678184	-668.652300	0.0
648.355178	-669.033794	0.0
648.032173	-669.415288	0.0
647.709167	-669.796782	0.0
647.386159	-670.178274	0.0
647.063151	-670.559766	0.0
646.740143	-670.941258	0.0
646.417135	-671.322750	0.0
646.094127	-671.704242	0.0
645.771119	-672.085734	0.0
645.450625	-672.469339	0.0
645.130132	-672.852945	0.0
644.809639	-673.236551	0.0
644.489145	-673.620157	0.0
644.168652	-674.003763	0.0
643.848158	-674.387369	0.0
643.527757	-674.771051	0.0
643.207355	-675.154733	0.0
642.886953	-675.538416	0.0
642.566552	-675.922098	0.0
642.246150	-676.305781	0.0
641.925748	-676.689463	0.0
641.605350	-677.073148	0.0
641.284951	-677.456833	0.0
640.964553	-677.840518	0.0
640.642045	-678.222410	0.0
640.319536	-678.604302	0.0
639.997028	-678.986193	0.0
639.674519	-679.368085	0.0
639.352011	-679.749977	0.0
639.029502	-680.131868	0.0
638.706885	-680.513667	0.0
638.384267	-680.895465	0.0
638.061650	-681.277264	0.0
637.739032	-681.659062	0.0
637.416415	-682.040861	0.0
637.093798	-682.422659	0.0
636.771175	-682.804453	0.0
636.448552	-683.186247	0.0
636.125929	-683.568041	0.0
635.803307	-683.949835	0.0
635.480684	-684.331629	0.0
635.158061	-684.713423	0.0
634.835438	-685.095216	0.0
634.512815	-685.477010	0.0
634.190192	-685.858804	0.0
633.868042	-686.240986	0.0
633.545892	-686.623168	0.0
633.223741	-687.005351	0.0
632.901591	-687.387533	0.0
632.579441	-687.769716	0.0
632.257290	-688.151898	0.0
631.935187	-688.534119	0.0
631.613084	-688.916340	0.0
631.290981	-689.298561	0.0
630.968878	-689.680782	0.0
630.646775	-690.063004	0.0
630.324671	-690.445225	0.0
630.002573	-690.827450	0.0
629.680474	-691.209674	0.0
629.358376	-691.591899	0.0
629.036277	-691.974124	0.0
628.714179	-692.356349	0.0
628.392080	-692.738574	0.0
628.068951	-693.119993	0.0
627.745823	-693.501413	0.0
627.422694	-693.882832	0.0
627.099565	-694.264251	0.0
626.776437	-694.645670	0.0
626.453308	-695.027090	0.0
626.130095	-695.408452	0.0
625.806883	-695.789814	0.0
625.483670	-696.171177	0.0
625.160457	-696.552539	0.0
624.837244	-696.933901	0.0
624.514032	-697.315264	0.0
624.190807	-697.696618	0.0
623.867583	-698.077973	0.0
623.544359	-698.459327	0.0
623.221135	-698.840681	0.0
622.897911	-699.222036	0.0
622.574686	-699.603390	0.0
622.251461	-699.984744	0.0
621.928236	-700.366098	0.0
621.605010	-700.747451	0.0
621.281785	-701.128805	0.0
620.958559	-701.510159	0.0
620.635334	-701.891512	0.0
620.312095	-702.272855	0.0
620.198389	-702.407000	0.0
620.198389	-702.407000	0.0
619.875655	-702.788698	0.0
619.552921	-703.170395	0.0
619.230187	-703.552093	0.0
618.907453	-703.933790	0.0
618.584719	-704.315488	0.0
618.261985	-704.697186	0.0
617.939251	-705.078883	0.0
617.616517	-705.460581	0.0
617.293782	-705.842278	0.0
616.971048	-706.223976	0.0
616.648314	-706.605674	0.0
616.325580	-706.987371	0.0
616.002846	-707.369069	0.0
615.680112	-707.750766	0.0
615.357378	-708.132464	0.0
615.034644	-708.514161	0.0
614.711910	-708.895859	0.0
614.389176	-709.277556	0.0
614.066442	-709.659254	0.0
613.743708	-710.040952	0.0
613.420973	-710.422649	0.0
613.098239	-710.804347	0.0
612.775505	-711.186044	0.0
612.452771	-711.567742	0.0
612.130037	-711.949440	0.0
611.807303	-712.331137	0.0
611.484569	-712.712835	0.0
611.161835	-713.094532	0.0
610.839101	-713.476230	0.0
610.514697	-713.856526	0.0
610.190292	-714.236822	0.0
609.865888	-714.617118	0.0
609.541483	-714.997414	0.0
609.217079	-715.377710	0.0
608.892674	-715.758006	0.0
608.568424	-716.138428	0.0
608.244175	-716.518850	0.0
607.919925	-716.899272	0.0
607.595676	-717.279694	0.0
607.271426	-717.660115	0.0
606.947177	-718.040537	0.0
606.622930	-718.420962	0.0
606.298684	-718.801387	0.0
605.974438	-719.181812	0.0
605.650192	-719.562236	0.0
605.325946	-719.942661	0.0
605.001700	-720.323086	0.0
604.677837	-720.703828	0.0
604.353974	-721.084571	0.0
604.030111	-721.465313	0.0
603.706248	-721.846056	0.0
603.382385	-722.226798	0.0
603.058522	-722.607540	0.0
602.734708	-722.988323	0.0
602.410893	-723.369105	0.0
602.087078	-723.749887	0.0
601.763263	-724.130670	0.0
601.439449	-724.511452	0.0
601.115634	-724.892234	0.0
600.791836	-725.273031	0.0
600.770527	-725.298091	0.0
600.770527	-725.298091	0.0
600.333194	-725.540331	0.0
599.895860	-725.782571	0.0
599.458526	-726.024811	0.0
599.021193	-726.267051	0.0
598.583859	-726.509291	0.0
598.146525	-726.751531	0.0
597.709192	-726.993771	0.0
597.271858	-727.236011	0.0
596.834525	-727.478251	0.0
596.397191	-727.720492	0.0
595.959857	-727.962732	0.0
595.522524	-728.204972	0.0
595.169602	-728.558954	0.0
594.816680	-728.912936	0.0
594.463758	-729.266919	0.0
594.110837	-729.620901	0.0
593.758104	-729.975071	0.0
593.405372	-730.329242	0.0
593.052639	-730.683412	0.0
592.699906	-731.037583	0.0
592.347174	-731.391753	0.0
591.994463	-731.745945	0.0
591.641751	-732.100137	0.0
591.289040	-732.454329	0.0
590.936329	-732.808520	0.0
590.583618	-733.162712	0.0
590.230906	-733.516904	0.0
589.878195	-733.871096	0.0
589.525484	-734.225287	0.0
589.172773	-734.579479	0.0
588.820061	-734.933671	0.0
588.494542	-735.313182	0.0
588.169022	-735.692694	0.0
587.843502	-736.072205	0.0
587.517982	-736.451717	0.0
587.192462	-736.831228	0.0
586.867762	-737.211443	0.0
586.543061	-737.591657	0.0
586.218360	-737.971871	0.0
585.893690	-738.352112	0.0
585.569019	-738.732352	0.0
585.244348	-739.112592	0.0
584.925421	-739.497534	0.0
584.606493	-739.882476	0.0
584.287565	-740.267418	0.0
583.968637	-740.652359	0.0
583.649710	-741.037301	0.0
583.330782	-741.422243	0.0
583.012159	-741.807426	0.0
582.690763	-742.190274	0.0
582.369366	-742.573122	0.0
582.047970	-742.955969	0.0
581.726404	-743.338673	0.0
581.404838	-743.721377	0.0
581.083273	-744.104081	0.0
580.761696	-744.486776	0.0
580.440120	-744.869471	0.0
580.118544	-745.252166	0.0
579.796967	-745.634860	0.0
579.475390	-746.017555	0.0
579.153813	-746.400249	0.0
578.832237	-746.782943	0.0
578.510660	-747.165638	0.0
578.189083	-747.548332	0.0
577.867506	-747.931026	0.0
577.545929	-748.313721	0.0
577.224352	-748.696415	0.0
576.902775	-749.079110	0.0
576.581198	-749.461804	0.0
576.259621	-749.844498	0.0
575.938044	-750.227192	0.0
575.616467	-750.609887	0.0
575.294890	-750.992581	0.0
574.973313	-751.375275	0.0
574.651737	-751.757970	0.0
574.330160	-752.140664	0.0
574.008583	-752.523359	0.0
573.687006	-752.906053	0.0
573.365429	-753.288747	0.0
573.043852	-753.671442	0.0
572.723104	-754.054824	0.0
572.402355	-754.438206	0.0
572.281005	-754.583253	0.0
572.281005	-754.583253	0.0
571.960254	-754.966632	0.0
571.639503	-755.350012	0.0
571.318751	-755.733392	0.0
570.998165	-756.116916	0.0
570.677578	-756.500440	0.0
570.356992	-756.883964	0.0
570.036405	-757.267488	0.0
569.715819	-757.651013	0.0
569.395233	-758.034537	0.0
569.074816	-758.418210	0.0
568.754399	-758.801882	0.0
568.433982	-759.185555	0.0
568.113566	-759.569228	0.0
567.793149	-759.952901	0.0
567.472732	-760.336574	0.0
567.152332	-760.720261	0.0
566.831931	-761.103948	0.0
566.511530	-761.487635	0.0
566.191129	-761.871321	0.0
565.870729	-762.255008	0.0
565.550328	-762.638695	0.0
565.229929	-763.022383	0.0
564.909529	-763.406071	0.0
564.589130	-763.789759	0.0
564.268731	-764.173447	0.0
563.948331	-764.557135	0.0
563.627932	-764.940824	0.0
563.307533	-765.324512	0.0
562.987133	-765.708200	0.0
562.666734	-766.091888	0.0
562.346335	-766.475576	0.0
562.025935	-766.859264	0.0
561.705536	-767.242952	0.0
561.384930	-767.626471	0.0
561.064324	-768.009990	0.0
560.743718	-768.393510	0.0
560.420849	-768.775166	0.0
560.097980	-769.156822	0.0
559.775111	-769.538478	0.0
559.452242	-769.920134	0.0
559.129374	-770.301790	0.0
558.806505	-770.683446	0.0
558.483512	-771.064999	0.0
558.160520	-771.446553	0.0
557.837528	-771.828107	0.0
557.514536	-772.209660	0.0
557.191544	-772.591214	0.0
556.868552	-772.972768	0.0
556.545553	-773.354317	0.0
556.222555	-773.735865	0.0
555.899557	-774.117414	0.0
555.576559	-774.498962	0.0
555.253560	-774.880511	0.0
554.930562	-775.262060	0.0
554.607502	-775.643556	0.0
554.284443	-776.025052	0.0
553.961383	-776.406549	0.0
553.638323	-776.788045	0.0
553.315263	-777.169542	0.0
552.992204	-777.551038	0.0
552.668952	-777.932371	0.0
552.346519	-778.314405	0.0
552.024086	-778.696439	0.0
551.701653	-779.078473	0.0
551.379241	-779.460526	0.0
551.056829	-779.842578	0.0
550.734417	-780.224630	0.0
550.412006	-780.606683	0.0
550.326476	-780.708035	0.0
550.326476	-780.708035	0.0
550.004065	-781.090087	0.0
549.681653	-781.472140	0.0
549.359242	-781.854193	0.0
549.036830	-782.236245	0.0
548.714419	-782.618298	0.0
548.392007	-783.000350	0.0
548.069596	-783.382403	0.0
547.747184	-783.764455	0.0
547.424773	-784.146508	0.0
547.100732	-784.527064	0.0
546.776691	-784.907621	0.0
546.452650	-785.288177	0.0
546.128609	-785.668733	0.0
545.804568	-786.049290	0.0
545.480527	-786.429846	0.0
545.156200	-786.810117	0.0
544.831874	-787.190388	0.0
544.507548	-787.570659	0.0
544.183173	-787.950881	0.0
543.858798	-788.331102	0.0
543.534423	-788.711324	0.0
543.210040	-789.091537	0.0
542.885656	-789.471750	0.0
542.561273	-789.851964	0.0
542.236888	-790.232175	0.0
541.912503	-790.612387	0.0
541.588119	-790.992599	0.0
541.263733	-791.372810	0.0
540.939348	-791.753022	0.0
540.614963	-792.133233	0.0
540.290578	-792.513445	0.0
539.966193	-792.893656	0.0
539.641808	-793.273867	0.0
539.317423	-793.654079	0.0
538.993038	-794.034290	0.0
538.668652	-794.414502	0.0
538.344267	-794.794713	0.0
538.019882	-795.174925	0.0
537.695497	-795.555136	0.0
537.371166	-795.935398	0.0
537.264889	-796.060002	0.0
537.264889	-796.060002	0.0
536.930815	-796.431971	0.0
536.596742	-796.803941	0.0
536.262668	-797.175910	0.0
535.928594	-797.547880	0.0
535.594520	-797.919849	0.0
535.260447	-798.291819	0.0
534.926373	-798.663788	0.0
534.592299	-799.035758	0.0
534.258226	-799.407727	0.0
533.924152	-799.779697	0.0
533.590078	-800.151666	0.0
533.256004	-800.523636	0.0
532.921931	-800.895605	0.0
532.587857	-801.267575	0.0
532.253783	-801.639545	0.0
531.919709	-802.011514	0.0
531.585636	-802.383484	0.0
531.251562	-802.755453	0.0
530.917488	-803.127423	0.0
530.583415	-803.499392	0.0
530.249341	-803.871362	0.0
529.915267	-804.243331	0.0
529.581193	-804.615301	0.0
529.247120	-804.987270	0.0
528.913046	-805.359240	0.0
528.578972	-805.731209	0.0
528.244898	-806.103179	0.0
527.910825	-806.475149	0.0
527.515474	-806.781240	0.0
527.120123	-807.087332	0.0
526.724772	-807.393424	0.0
526.329421	-807.699515	0.0
525.934070	-808.005607	0.0
525.538719	-808.311699	0.0
525.100693	-808.552535	0.0
524.662666	-808.793371	0.0
524.224639	-809.034207	0.0
523.786613	-809.275043	0.0
523.315756	-809.443251	0.0
522.844900	-809.611460	0.0
522.374044	-809.779668	0.0
521.903188	-809.947877	0.0
521.432332	-810.116085	0.0
520.943237	-810.219696	0.0
520.454142	-810.323307	0.0
519.965048	-810.426919	0.0
519.475953	-810.530530	0.0
518.986858	-810.634141	0.0
518.497764	-810.737752	0.0
518.019963	-810.885077	0.0
517.542161	-811.032402	0.0
517.064360	-811.179726	0.0
516.586559	-811.327051	0.0
516.108757	-811.474376	0.0
515.630956	-811.621701	0.0
515.131187	-811.622698	0.0
514.631418	-811.623695	0.0
514.131650	-811.624692	0.0
513.631941	-811.618551	0.0
513.132233	-811.612410	0.0
512.632525	-811.606268	0.0
512.174381	-811.406099	0.0
511.716238	-811.205929	0.0
511.258094	-811.005759	0.0
510.806329	-810.791562	0.0
510.354563	-810.577365	0.0
509.902797	-810.363169	0.0
509.484806	-810.088790	0.0
509.066816	-809.814411	0.0
508.648826	-809.540031	0.0
508.230835	-809.265652	0.0
507.812845	-808.991273	0.0
507.429457	-808.670322	0.0
507.046069	-808.349370	0.0
506.662681	-808.028418	0.0
506.279293	-807.707466	0.0
505.898059	-807.383960	0.0
505.516825	-807.060454	0.0
505.135590	-806.736947	0.0
504.754356	-806.413441	0.0
504.372693	-806.090904	0.0
503.991031	-805.768368	0.0
503.609368	-805.445832	0.0
503.227705	-805.123295	0.0
502.911278	-804.855888	0.0
502.911278	-804.855888	0.0
502.536233	-804.525369	0.0
502.161187	-804.194850	0.0
501.786141	-803.864330	0.0
501.411096	-803.533811	0.0
501.036050	-803.203292	0.0
500.654623	-802.880056	0.0
500.273197	-802.556820	0.0
499.891770	-802.233585	0.0
499.510344	-801.910349	0.0
499.128917	-801.587113	0.0
498.747490	-801.263878	0.0
498.363060	-800.944239	0.0
497.978630	-800.624600	0.0
497.594200	-800.304960	0.0
497.209770	-799.985321	0.0
496.825340	-799.665682	0.0
496.440910	-799.346043	0.0
496.057835	-799.024725	0.0
495.674761	-798.703407	0.0
495.291686	-798.382089	0.0
494.911304	-798.057618	0.0
494.530921	-797.733147	0.0
494.150539	-797.408676	0.0
493.770157	-797.084205	0.0
493.389775	-796.759734	0.0
493.009392	-796.435263	0.0
492.628966	-796.110809	0.0
492.248540	-795.786355	0.0
491.868113	-795.461902	0.0
491.487687	-795.137448	0.0
491.107260	-794.812994	0.0
490.726834	-794.488540	0.0
490.346073	-794.164488	0.0
489.963482	-793.843055	0.0
489.580892	-793.521623	0.0
489.198301	-793.200190	0.0
488.815711	-792.878757	0.0
488.433120	-792.557325	0.0
488.050530	-792.235892	0.0
487.670253	-791.911585	0.0
487.289976	-791.587278	0.0
486.909698	-791.262972	0.0
486.529421	-790.938665	0.0
486.149144	-790.614358	0.0
485.768867	-790.290051	0.0
485.390101	-789.963879	0.0
485.011334	-789.637707	0.0
484.632568	-789.311535	0.0
484.257923	-788.980458	0.0
483.883278	-788.649381	0.0
483.508633	-788.318304	0.0
483.133989	-787.987228	0.0
482.759344	-787.656151	0.0
482.384699	-787.325074	0.0
482.010313	-786.993698	0.0
481.635927	-786.662322	0.0
481.261541	-786.330946	0.0
480.887155	-785.999570	0.0
480.521492	-785.658621	0.0
480.155830	-785.317672	0.0
479.790168	-784.976724	0.0
479.424506	-784.635775	0.0
479.058843	-784.294826	0.0
478.693181	-783.953877	0.0
478.338664	-783.601337	0.0
477.999560	-783.233951	0.0
477.660456	-782.866565	0.0
477.321352	-782.499178	0.0
476.985256	-782.129039	0.0
476.649161	-781.758899	0.0
476.313065	-781.388759	0.0
475.984353	-781.012059	0.0
475.655641	-780.635358	0.0
475.326928	-780.258658	0.0
474.998216	-779.881957	0.0
474.669504	-779.505257	0.0
474.340791	-779.128557	0.0
474.018384	-778.746440	0.0
473.695976	-778.364324	0.0
473.384867	-777.972903	0.0
473.073757	-777.581482	0.0
472.762647	-777.190061	0.0
472.451537	-776.798640	0.0
472.140427	-776.407219	0.0
471.832530	-776.013272	0.0
471.524633	-775.619324	0.0
471.216735	-775.225377	0.0
470.908838	-774.831430	0.0
470.644193	-774.407209	0.0
470.379548	-773.982989	0.0
470.114903	-773.558768	0.0
469.850257	-773.134548	0.0
469.585612	-772.710328	0.0
469.321103	-772.286022	0.0
469.056594	-771.861717	0.0
468.792085	-771.437412	0.0
468.534343	-771.009033	0.0
468.276601	-770.580654	0.0
468.018859	-770.152275	0.0
467.761117	-769.723896	0.0
467.503375	-769.295518	0.0
467.245633	-768.867139	0.0
466.993451	-768.435454	0.0
466.741268	-768.003770	0.0
466.489085	-767.572086	0.0
466.255106	-767.130548	0.0
466.021127	-766.689010	0.0
465.787148	-766.247472	0.0
465.553169	-765.805933	0.0
465.319189	-765.364395	0.0
465.085210	-764.922857	0.0
464.880488	-764.467062	0.0
464.675765	-764.011268	0.0
464.471042	-763.555473	0.0
464.266320	-763.099678	0.0
464.061597	-762.643884	0.0
463.856875	-762.188089	0.0
463.666181	-761.725899	0.0
463.475487	-761.263709	0.0
463.284793	-760.801519	0.0
463.106786	-760.334398	0.0
462.928779	-759.867277	0.0
462.750771	-759.400156	0.0
462.572764	-758.933035	0.0
462.394757	-758.465914	0.0
462.217019	-757.998630	0.0
462.039282	-757.531346	0.0
461.861545	-757.064062	0.0
461.683807	-756.596778	0.0
461.527847	-756.121865	0.0
461.371887	-755.646953	0.0
461.215927	-755.172041	0.0
461.059967	-754.697129	0.0
460.904007	-754.222216	0.0
460.764325	-753.742166	0.0
460.624643	-753.262117	0.0
460.484961	-752.782067	0.0
460.345279	-752.302017	0.0
460.205598	-751.821967	0.0
460.065916	-751.341917	0.0
459.928704	-750.861140	0.0
459.799823	-750.378065	0.0
459.670943	-749.894990	0.0
459.542062	-749.411915	0.0
459.413182	-748.928840	0.0
459.284302	-748.445765	0.0
459.155421	-747.962691	0.0
459.065159	-747.624367	0.0
459.065159	-747.624367	0.0
458.971671	-747.133207	0.0
458.878182	-746.642046	0.0
458.784694	-746.150885	0.0
458.691205	-745.659724	0.0
458.597717	-745.168564	0.0
458.515726	-744.675354	0.0
458.433736	-744.182145	0.0
458.351745	-743.688936	0.0
458.269755	-743.195726	0.0
458.187765	-742.702517	0.0
458.105774	-742.209308	0.0
458.026465	-741.715667	0.0
457.947157	-741.222025	0.0
457.887007	-740.725676	0.0
457.826857	-740.229326	0.0
457.766707	-739.732977	0.0
457.706558	-739.236627	0.0
457.646408	-738.740277	0.0
457.602956	-738.242201	0.0
457.559505	-737.744125	0.0
457.516053	-737.246049	0.0
457.472602	-736.747973	0.0
457.429150	-736.249897	0.0
457.385699	-735.751820	0.0
457.364101	-735.252301	0.0
457.342503	-734.752781	0.0
457.320905	-734.253262	0.0
457.301790	-733.753640	0.0
457.282674	-733.254017	0.0
457.263559	-732.754395	0.0
457.273635	-732.254516	0.0
457.283711	-731.754638	0.0
457.293787	-731.254759	0.0
457.303862	-730.754880	0.0
457.313938	-730.255001	0.0
457.324014	-729.755123	0.0
457.337664	-729.255332	0.0
457.359271	-728.755809	0.0
457.380877	-728.256286	0.0
457.402484	-727.756764	0.0
457.424091	-727.257241	0.0
457.445698	-726.757718	0.0
457.467305	-726.258196	0.0
457.515985	-725.760609	0.0
457.564664	-725.263023	0.0
457.613343	-724.765437	0.0
457.666078	-724.268265	0.0
457.718812	-723.771094	0.0
457.771547	-723.273923	0.0
457.824281	-722.776751	0.0
457.905270	-722.283354	0.0
457.986258	-721.789957	0.0
458.067246	-721.296561	0.0
458.148235	-720.803164	0.0
458.229223	-720.309767	0.0
458.310283	-719.816409	0.0
458.391343	-719.323052	0.0
458.472402	-718.829694	0.0
458.553462	-718.336337	0.0
458.634522	-717.842979	0.0
458.735018	-717.353217	0.0
458.835514	-716.863454	0.0
458.936010	-716.373692	0.0
458.999514	-716.064206	0.0
458.999514	-716.064206	0.0
459.035337	-715.565499	0.0
459.071160	-715.066791	0.0
459.106983	-714.568084	0.0
459.142806	-714.069376	0.0
459.178629	-713.570669	0.0
459.214453	-713.071962	0.0
459.250276	-712.573254	0.0
459.286099	-712.074547	0.0
459.321922	-711.575839	0.0
459.357745	-711.077132	0.0
459.393568	-710.578424	0.0
459.429391	-710.079717	0.0
459.465215	-709.581009	0.0
459.501038	-709.082302	0.0
459.536861	-708.583594	0.0
459.526538	-708.083706	0.0
459.516214	-707.583818	0.0
459.505891	-707.083930	0.0
459.495568	-706.584042	0.0
459.485245	-706.084154	0.0
459.465724	-705.584540	0.0
459.446203	-705.084926	0.0
459.426682	-704.585312	0.0
459.407161	-704.085698	0.0
459.386832	-703.586116	0.0
459.366504	-703.086534	0.0
459.346175	-702.586952	0.0
459.325846	-702.087371	0.0
459.305518	-701.587789	0.0
459.351633	-701.089931	0.0
459.397747	-700.592072	0.0
459.443862	-700.094214	0.0
459.489977	-699.596355	0.0
459.536092	-699.098497	0.0
459.582206	-698.600639	0.0
459.633552	-698.103293	0.0
459.684897	-697.605948	0.0
459.736243	-697.108602	0.0
459.787588	-696.611256	0.0
459.838934	-696.113911	0.0
459.890415	-695.616579	0.0
459.941897	-695.119248	0.0
459.993379	-694.621916	0.0
460.044860	-694.124585	0.0
460.096342	-693.627253	0.0
460.147823	-693.129922	0.0
460.178267	-692.835821	0.0
460.178267	-692.835821	0.0
460.246862	-692.340551	0.0
460.315456	-691.845282	0.0
460.384051	-691.350012	0.0
460.452645	-690.854742	0.0
460.517626	-690.359003	0.0
460.582607	-689.863264	0.0
460.647588	-689.367525	0.0
460.712569	-688.871786	0.0
460.777549	-688.376046	0.0
460.842530	-687.880307	0.0
460.907270	-687.384538	0.0
460.955534	-686.886945	0.0
461.003798	-686.389351	0.0
461.052063	-685.891758	0.0
461.097727	-685.393930	0.0
461.143391	-684.896101	0.0
461.189054	-684.398273	0.0
461.233056	-683.900300	0.0
461.277057	-683.402327	0.0
461.316192	-682.903897	0.0
461.355326	-682.405467	0.0
461.394460	-681.907037	0.0
461.433595	-681.408607	0.0
461.472729	-680.910177	0.0
461.511864	-680.411747	0.0
461.550988	-679.913308	0.0
461.585664	-679.414513	0.0
461.620341	-678.915718	0.0
461.655017	-678.416924	0.0
461.689092	-677.918086	0.0
461.723167	-677.419249	0.0
461.757241	-676.920412	0.0
461.790650	-676.421530	0.0
461.820773	-675.922441	0.0
461.850896	-675.423353	0.0
461.881019	-674.924265	0.0
461.911142	-674.425176	0.0
461.941265	-673.926088	0.0
461.971389	-673.427000	0.0
461.994701	-672.927591	0.0
462.018014	-672.428182	0.0
462.041327	-671.928773	0.0
462.064431	-671.429357	0.0
462.087534	-670.929940	0.0
462.110638	-670.430524	0.0
462.127058	-669.930932	0.0
462.138642	-669.431079	0.0
462.150227	-668.931225	0.0
462.161811	-668.431372	0.0
462.172697	-667.931496	0.0
462.183584	-667.431620	0.0
462.194470	-666.931743	0.0
462.204063	-666.431840	0.0
462.213657	-665.931936	0.0
462.221720	-665.432015	0.0
462.229783	-664.932094	0.0
462.237846	-664.432173	0.0
462.245875	-663.932253	0.0
462.253904	-663.432333	0.0
462.261934	-662.932413	0.0
462.267884	-662.432491	0.0
462.269159	-661.932512	0.0
462.270435	-661.432534	0.0
462.271711	-660.932555	0.0
462.272609	-660.432575	0.0
462.273507	-659.932594	0.0
462.274405	-659.432613	0.0
462.275273	-658.932632	0.0
462.276142	-658.432651	0.0
462.278051	-657.932658	0.0
462.279960	-657.432664	0.0
462.281869	-656.932670	0.0
462.283778	-656.432677	0.0
462.285688	-655.932683	0.0
462.287597	-655.432690	0.0
462.289712	-654.932701	0.0
462.291827	-654.432712	0.0
462.290689	-653.932723	0.0
462.289551	-653.432734	0.0
462.288413	-652.932746	0.0
462.286789	-652.432764	0.0
462.285166	-651.932783	0.0
462.283542	-651.432802	0.0
462.279885	-650.932843	0.0
462.276229	-650.432883	0.0
462.272572	-649.932924	0.0
462.268576	-649.432962	0.0
462.264580	-648.933001	0.0
462.260584	-648.433039	0.0
462.256588	-647.933077	0.0
462.235319	-647.433546	0.0
462.214051	-646.934015	0.0
462.192782	-646.434484	0.0
462.171513	-645.934952	0.0
462.150244	-645.435421	0.0
462.128975	-644.935890	0.0
462.106686	-644.436396	0.0
462.081064	-643.937063	0.0
462.055442	-643.437730	0.0
462.029819	-642.938396	0.0
462.003765	-642.439086	0.0
461.977710	-641.939775	0.0
461.951655	-641.440465	0.0
461.917605	-640.941749	0.0
461.883554	-640.443034	0.0
461.849504	-639.944318	0.0
461.815454	-639.445603	0.0
461.781403	-638.946887	0.0
461.743185	-638.448350	0.0
461.704966	-637.949813	0.0
461.666748	-637.451276	0.0
461.628529	-636.952739	0.0
461.590310	-636.454202	0.0
461.549496	-635.955875	0.0
461.508682	-635.457549	0.0
461.467868	-634.959222	0.0
461.426508	-634.460943	0.0
461.385149	-633.962663	0.0
461.343789	-633.464384	0.0
461.300973	-632.966225	0.0
461.258156	-632.468066	0.0
461.215340	-631.969906	0.0
461.167563	-631.472196	0.0
461.119787	-630.974486	0.0
461.072011	-630.476775	0.0
461.023861	-629.979101	0.0
460.975712	-629.481426	0.0
460.927562	-628.983752	0.0
460.864088	-628.487981	0.0
460.800614	-627.992211	0.0
460.737139	-627.496441	0.0
460.681390	-627.061002	0.0
460.681390	-627.061002	0.0
460.616880	-626.565183	0.0
460.552370	-626.069364	0.0
460.487861	-625.573545	0.0
460.423351	-625.077726	0.0
460.358842	-624.581907	0.0
460.294332	-624.086088	0.0
460.229823	-623.590269	0.0
460.165314	-623.094450	0.0
460.100804	-622.598631	0.0
460.036295	-622.102812	0.0
459.971785	-621.606993	0.0
459.907276	-621.111174	0.0
459.842766	-620.615355	0.0
459.778257	-620.119536	0.0
459.713747	-619.623717	0.0
459.649238	-619.127898	0.0
459.584729	-618.632079	0.0
459.520219	-618.136260	0.0
459.455710	-617.640441	0.0
459.391200	-617.144622	0.0
459.326691	-616.648803	0.0
459.252290	-616.154376	0.0
459.177888	-615.659948	0.0
459.103487	-615.165521	0.0
459.028920	-614.671119	0.0
458.952429	-614.177016	0.0
458.875938	-613.682913	0.0
458.799447	-613.188810	0.0
458.722739	-612.694741	0.0
458.646031	-612.200673	0.0
458.569323	-611.706604	0.0
458.492615	-611.212536	0.0
458.478790	-611.123487	0.0
458.478790	-611.123487	0.0
458.397129	-610.630202	0.0
458.315469	-610.136918	0.0
458.233808	-609.643633	0.0
458.152148	-609.150349	0.0
458.070488	-608.657064	0.0
457.988827	-608.163780	0.0
457.907167	-607.670495	0.0
457.825507	-607.177211	0.0
457.743846	-606.683927	0.0
457.662186	-606.190642	0.0
457.580526	-605.697358	0.0
457.498866	-605.204073	0.0
457.417205	-604.710789	0.0
457.335545	-604.217504	0.0
457.253885	-603.724220	0.0
457.172225	-603.230935	0.0
457.090564	-602.737651	0.0
457.008904	-602.244366	0.0
456.927244	-601.751082	0.0
456.845584	-601.257797	0.0
456.763923	-600.764513	0.0
456.682263	-600.271228	0.0
456.600603	-599.777944	0.0
456.486451	-599.291209	0.0
456.372300	-598.804474	0.0
456.258148	-598.317739	0.0
456.143997	-597.831005	0.0
456.029845	-597.344270	0.0
455.913835	-596.857980	0.0
455.797825	-596.371691	0.0
455.681815	-595.885402	0.0
455.565805	-595.399112	0.0
455.449795	-594.912823	0.0
455.333658	-594.426564	0.0
455.217521	-593.940306	0.0
455.101384	-593.454047	0.0
454.985247	-592.967788	0.0
454.869110	-592.481530	0.0
454.752962	-591.995273	0.0
454.636815	-591.509017	0.0
454.520668	-591.022761	0.0
454.404521	-590.536505	0.0
454.288374	-590.050249	0.0
454.222389	-589.774000	0.0
454.222389	-589.774000	0.0
454.102633	-589.288759	0.0
453.982876	-588.803519	0.0
453.863119	-588.318278	0.0
453.743363	-587.833038	0.0
453.623607	-587.347797	0.0
453.503850	-586.862557	0.0
453.380106	-586.378273	0.0
453.256361	-585.893989	0.0
453.132617	-585.409705	0.0
453.008630	-584.925480	0.0
452.884643	-584.441256	0.0
452.760656	-583.957031	0.0
452.634560	-583.473386	0.0
452.508463	-582.989741	0.0
452.382367	-582.506096	0.0
452.256271	-582.022452	0.0
452.123817	-581.540534	0.0
451.991363	-581.058617	0.0
451.858909	-580.576700	0.0
451.725516	-580.095046	0.0
451.592122	-579.613392	0.0
451.458729	-579.131738	0.0
451.323303	-578.650649	0.0
451.187877	-578.169561	0.0
451.052451	-577.688473	0.0
450.917026	-577.207384	0.0
450.781600	-576.726296	0.0
450.646174	-576.245207	0.0
450.505410	-575.765732	0.0
450.364645	-575.286256	0.0
450.223881	-574.806781	0.0
450.082373	-574.327537	0.0
449.940865	-573.848292	0.0
449.799357	-573.369047	0.0
449.657595	-572.889884	0.0
449.515833	-572.410720	0.0
449.363511	-571.934862	0.0
449.211188	-571.459005	0.0
449.058866	-570.983147	0.0
448.906543	-570.507290	0.0
448.754221	-570.031432	0.0
448.601794	-569.555562	0.0
448.449367	-569.079691	0.0
448.296939	-568.603820	0.0
448.144512	-568.127949	0.0
447.992085	-567.652079	0.0
447.839658	-567.176208	0.0
447.678442	-566.703354	0.0
447.517227	-566.230500	0.0
447.356012	-565.757646	0.0
447.193946	-565.285095	0.0
447.031880	-564.812544	0.0
446.869814	-564.339992	0.0
446.706923	-563.867736	0.0
446.544032	-563.395480	0.0
446.378285	-562.924266	0.0
446.212539	-562.453053	0.0
446.046793	-561.981839	0.0
445.880851	-561.510698	0.0
445.714910	-561.039556	0.0
445.548969	-560.568415	0.0
445.382510	-560.097477	0.0
445.213262	-559.627619	0.0
445.044014	-559.157760	0.0
444.874766	-558.687901	0.0
444.705518	-558.218042	0.0
444.536270	-557.748184	0.0
444.366863	-557.278387	0.0
444.197332	-556.808639	0.0
444.022438	-556.341133	0.0
443.847543	-555.873626	0.0
443.672649	-555.406119	0.0
443.496965	-554.938953	0.0
443.321280	-554.471787	0.0
443.145596	-554.004621	0.0
442.969284	-553.537715	0.0
442.792971	-553.070810	0.0
442.616658	-552.603904	0.0
442.438070	-552.137395	0.0
442.259481	-551.670887	0.0
442.080893	-551.204378	0.0
441.902305	-550.737869	0.0
441.723716	-550.271361	0.0
441.545128	-549.804852	0.0
441.366404	-549.338372	0.0
441.182093	-548.874371	0.0
440.997782	-548.410370	0.0
440.813471	-547.946369	0.0
440.627915	-547.482942	0.0
440.442359	-547.019515	0.0
440.256803	-546.556087	0.0
440.062558	-546.096196	0.0
439.868313	-545.636305	0.0
439.674068	-545.176413	0.0
439.479823	-544.716522	0.0
439.285578	-544.256630	0.0
439.091333	-543.796739	0.0
438.890924	-543.339627	0.0
438.690515	-542.882514	0.0
438.490106	-542.425402	0.0
438.289698	-541.968289	0.0
438.089289	-541.511177	0.0
437.888880	-541.054064	0.0
437.689515	-540.596554	0.0
437.485867	-540.140980	0.0
437.282219	-539.685407	0.0
437.078571	-539.229833	0.0
436.874923	-538.774259	0.0
436.671275	-538.318685	0.0
436.467627	-537.863111	0.0
436.260331	-537.409236	0.0
436.053035	-536.955361	0.0
435.842395	-536.503050	0.0
435.631755	-536.050740	0.0
435.421115	-535.598429	0.0
435.210474	-535.146119	0.0
434.999834	-534.693808	0.0
434.789194	-534.241498	0.0
434.577832	-533.789543	0.0
434.366470	-533.337588	0.0
434.155108	-532.885633	0.0
433.943747	-532.433678	0.0
433.728456	-531.983436	0.0
433.513165	-531.533195	0.0
433.297875	-531.082953	0.0
433.082408	-530.632789	0.0
432.866941	-530.182625	0.0
432.651474	-529.732461	0.0
432.433538	-529.283430	0.0
432.212036	-528.836301	0.0
431.990533	-528.389172	0.0
431.769031	-527.942043	0.0
431.547528	-527.494913	0.0
431.326026	-527.047784	0.0
431.097124	-526.604593	0.0
430.868222	-526.161403	0.0
430.639321	-525.718212	0.0
430.410058	-525.275218	0.0
430.180796	-524.832223	0.0
429.951533	-524.389229	0.0
429.722766	-523.945930	0.0
429.493999	-523.502630	0.0
429.265231	-523.059331	0.0
429.036581	-522.615963	0.0
428.807930	-522.172594	0.0
428.579280	-521.729226	0.0
428.346460	-521.287925	0.0
428.113641	-520.846623	0.0
427.880822	-520.405322	0.0
427.648003	-519.964021	0.0
427.648003	-519.964021	0.0
427.442794	-519.509038	0.0
427.237584	-519.054055	0.0
427.032375	-518.599072	0.0
426.827165	-518.144089	0.0
426.621956	-517.689106	0.0
426.416860	-517.234071	0.0
426.211764	-516.779036	0.0
426.006668	-516.324001	0.0
425.801572	-515.868967	0.0
425.596476	-515.413932	0.0
425.567903	-514.915319	0.0
425.539331	-514.416707	0.0
425.510758	-513.918094	0.0
425.482185	-513.419482	0.0
425.454552	-512.920815	0.0
425.426918	-512.422147	0.0
425.399284	-511.923480	0.0
425.371650	-511.424813	0.0
425.456702	-510.932724	0.0
425.541755	-510.440636	0.0
425.626808	-509.948547	0.0
425.711860	-509.456458	0.0
425.796913	-508.964369	0.0
425.893470	-508.474409	0.0
425.990026	-507.984450	0.0
426.086583	-507.494490	0.0
426.183140	-507.004530	0.0
426.279696	-506.514570	0.0
426.376253	-506.024610	0.0
426.474774	-505.535042	0.0
426.573296	-505.045473	0.0
426.671818	-504.555905	0.0
426.770340	-504.066337	0.0
426.868861	-503.576768	0.0
426.928734	-503.279253	0.0
426.928734	-503.279253	0.0
427.055830	-502.796223	0.0
427.182926	-502.313194	0.0
427.310023	-501.830165	0.0
427.437119	-501.347136	0.0
427.564215	-500.864106	0.0
427.635124	-500.369377	0.0
427.706033	-499.874648	0.0
427.776942	-499.379919	0.0
427.841537	-498.884299	0.0
427.906132	-498.388679	0.0
427.970727	-497.893059	0.0
427.971466	-497.393444	0.0
427.972205	-496.893829	0.0
427.972945	-496.394213	0.0
427.973684	-495.894598	0.0
427.963599	-495.395123	0.0
427.953513	-494.895648	0.0
427.943428	-494.396173	0.0
427.933343	-493.896698	0.0
427.929833	-493.722856	0.0
427.929833	-493.722856	0.0
427.747179	-493.257977	0.0
427.564526	-492.793099	0.0
427.381873	-492.328220	0.0
427.199220	-491.863341	0.0
427.016567	-491.398462	0.0
426.833914	-490.933584	0.0
426.544528	-490.526176	0.0
426.255142	-490.118768	0.0
425.965756	-489.711360	0.0
425.676370	-489.303952	0.0
425.373057	-488.906763	0.0
425.069745	-488.509574	0.0
424.766433	-488.112384	0.0
424.386645	-487.787582	0.0
424.006857	-487.462780	0.0
423.627070	-487.137978	0.0
423.247282	-486.813176	0.0
422.853211	-486.505863	0.0
422.459140	-486.198550	0.0
422.065069	-485.891237	0.0
421.595816	-485.719584	0.0
421.126563	-485.547932	0.0
420.657310	-485.376279	0.0
420.188057	-485.204626	0.0
419.712479	-485.051383	0.0
419.236901	-484.898139	0.0
418.761322	-484.744896	0.0
418.285744	-484.591653	0.0
417.856834	-484.453447	0.0
417.856834	-484.453447	0.0
417.363400	-484.529302	0.0
416.869965	-484.605156	0.0
416.376530	-484.681011	0.0
415.883095	-484.756866	0.0
415.389660	-484.832720	0.0
414.896225	-484.908575	0.0
414.402790	-484.984429	0.0
413.909356	-485.060284	0.0
413.415921	-485.136138	0.0
412.922486	-485.211993	0.0
412.429051	-485.287847	0.0
411.935616	-485.363702	0.0
411.916405	-485.366655	0.0
411.916405	-485.366655	0.0
411.442943	-485.526933	0.0
410.969481	-485.687211	0.0
410.496020	-485.847489	0.0
410.022558	-486.007767	0.0
409.606631	-486.284400	0.0
409.190703	-486.561033	0.0
408.774776	-486.837667	0.0
408.358849	-487.114300	0.0
407.942921	-487.390933	0.0
407.526994	-487.667567	0.0
407.155434	-488.002133	0.0
406.783874	-488.336699	0.0
406.412315	-488.671265	0.0
406.040853	-489.005939	0.0
405.669391	-489.340614	0.0
405.297928	-489.675289	0.0
404.994374	-490.072364	0.0
404.690819	-490.469439	0.0
404.387264	-490.866514	0.0
404.166441	-491.314757	0.0
403.945618	-491.763000	0.0
403.724795	-492.211243	0.0
403.503973	-492.659486	0.0
403.283150	-493.107729	0.0
403.240746	-493.193803	0.0
403.240746	-493.193803	0.0
403.249834	-493.693480	0.0
403.258923	-494.193157	0.0
403.268011	-494.692834	0.0
403.277100	-495.192511	0.0
403.286188	-495.692188	0.0
403.309371	-496.190172	0.0
403.332554	-496.688155	0.0
403.355737	-497.186139	0.0
403.378920	-497.684123	0.0
403.402103	-498.182107	0.0
403.471699	-498.676818	0.0
403.541296	-499.171530	0.0
403.610892	-499.666241	0.0
403.680488	-500.160953	0.0
403.750084	-500.655664	0.0
403.912264	-501.127690	0.0
404.074443	-501.599717	0.0
404.236622	-502.071743	0.0
404.398802	-502.543769	0.0
404.560981	-503.015795	0.0
404.831281	-503.435458	0.0
405.101580	-503.855121	0.0
405.371879	-504.274783	0.0
405.642178	-504.694446	0.0
405.912477	-505.114109	0.0
406.302840	-505.425309	0.0
406.693202	-505.736509	0.0
407.083565	-506.047709	0.0
407.473927	-506.358909	0.0
407.864290	-506.670109	0.0
408.282260	-506.943756	0.0
408.700230	-507.217403	0.0
409.118200	-507.491051	0.0
409.536170	-507.764698	0.0
409.978667	-507.996572	0.0
410.421164	-508.228445	0.0
410.863662	-508.460319	0.0
411.306159	-508.692193	0.0
411.748656	-508.924066	0.0
412.219186	-509.091910	0.0
412.689716	-509.259753	0.0
413.160245	-509.427597	0.0
413.630775	-509.595441	0.0
414.101305	-509.763284	0.0
414.447899	-509.886919	0.0
414.447899	-509.886919	0.0
414.721935	-510.302312	0.0
414.995971	-510.717706	0.0
415.270007	-511.133099	0.0
415.544043	-511.548493	0.0
415.818079	-511.963886	0.0
416.092115	-512.379279	0.0
416.366151	-512.794673	0.0
416.640187	-513.210066	0.0
416.879096	-513.648358	0.0
417.118006	-514.086650	0.0
417.356915	-514.524941	0.0
417.595824	-514.963233	0.0
417.834734	-515.401525	0.0
418.073620	-515.839830	0.0
418.312506	-516.278135	0.0
418.551392	-516.716440	0.0
418.790278	-517.154745	0.0
419.029164	-517.593051	0.0
419.268049	-518.031356	0.0
419.506934	-518.469662	0.0
419.745820	-518.907968	0.0
419.984705	-519.346273	0.0
420.223590	-519.784579	0.0
420.462475	-520.222885	0.0
420.701361	-520.661190	0.0
420.940246	-521.099496	0.0
421.179131	-521.537802	0.0
421.418016	-521.976107	0.0
421.649663	-522.417912	0.0
421.881309	-522.859717	0.0
422.112956	-523.301521	0.0
422.344602	-523.743326	0.0
422.576249	-524.185131	0.0
422.807895	-524.626936	0.0
423.034855	-525.071110	0.0
423.261815	-525.515285	0.0
423.488774	-525.959460	0.0
423.715734	-526.403635	0.0
423.938350	-526.850103	0.0
424.160966	-527.296572	0.0
424.383582	-527.743041	0.0
424.606199	-528.189510	0.0
424.828815	-528.635979	0.0
425.051431	-529.082448	0.0
425.274302	-529.528797	0.0
425.497395	-529.974772	0.0
425.720489	-530.420747	0.0
425.943582	-530.866723	0.0
426.166676	-531.312698	0.0
426.389769	-531.758673	0.0
426.612862	-532.204648	0.0
426.833759	-532.651733	0.0
427.054656	-533.098817	0.0
427.271960	-533.547933	0.0
427.489265	-533.997050	0.0
427.706570	-534.446166	0.0
427.923875	-534.895282	0.0
428.141180	-535.344399	0.0
428.358484	-535.793515	0.0
428.568146	-536.246181	0.0
428.777807	-536.698847	0.0
428.987468	-537.151513	0.0
429.197129	-537.604179	0.0
429.406790	-538.056845	0.0
429.616451	-538.509511	0.0
429.824682	-538.962826	0.0
430.032913	-539.416140	0.0
430.240860	-539.869905	0.0
430.448806	-540.323669	0.0
430.656752	-540.777433	0.0
430.864699	-541.231197	0.0
431.072645	-541.684961	0.0
431.273318	-542.141644	0.0
431.473990	-542.598327	0.0
431.674663	-543.055010	0.0
431.875335	-543.511693	0.0
432.076008	-543.968376	0.0
432.276680	-544.425059	0.0
432.475518	-544.882559	0.0
432.674356	-545.340059	0.0
432.873194	-545.797559	0.0
433.065008	-546.258424	0.0
433.256822	-546.719289	0.0
433.448636	-547.180154	0.0
433.640450	-547.641019	0.0
433.832264	-548.101884	0.0
434.024078	-548.562749	0.0
434.227880	-549.018480	0.0
434.431682	-549.474210	0.0
434.638494	-549.928194	0.0
434.845305	-550.382179	0.0
435.052117	-550.836163	0.0
435.085100	-550.908566	0.0
